   1.3662403283755665E-002  -4.6503692013875540E-018
   3.3350358930219849E-002   0.0000000000000000     
   5.3628953246077957E-002   0.0000000000000000     
   7.4515905391411813E-002   0.0000000000000000     
   9.6029466101105687E-002   0.0000000000000000     
  0.11818843363209038        0.0000000000000000     
  0.14101217018900461        0.0000000000000000     
  0.16452061884262628        0.0000000000000000     
  0.18873432095585660        0.0000000000000000     
  0.21367443413248383        0.0000000000000000     
  0.23936275070440988        0.0000000000000000     
  0.26582171677349370        0.0000000000000000     
  0.29307445182465003        0.0000000000000000     
  0.32114476892734106        0.0000000000000000     
  0.35005719554311282        0.0000000000000000     
  0.37983699495735773        0.0000000000000000     
  0.41051018835402997        0.0000000000000000     
  0.44210357755260238        0.0000000000000000     
  0.47464476842713199        0.0000000000000000     
  0.50816219502789750        0.0000000000000000     
  0.54268514442668592        0.0000000000000000     
  0.57824378230743800        0.0000000000000000     
  0.61486917932461271        0.0000000000000000     
  0.65259333825230259        0.0000000000000000     
  0.69144922194782321        0.0000000000000000     
  0.73147078215420946        0.0000000000000000     
  0.77269298916678730        0.0000000000000000     
  0.81515186238974247        0.0000000000000000     
  0.85888450180938625        0.0000000000000000     
  0.90392912041161932        0.0000000000000000     
  0.95032507757191942        0.0000000000000000     
  0.99811291344702857        0.0000000000000000     
   1.0473343843983909        0.0000000000000000     
   1.0980324994782942        0.0000000000000000     
   1.1502515580105945        0.0000000000000000     
   1.2040371882988639        0.0000000000000000     
   1.2594363874957812        0.0000000000000000     
   1.3164975626686062        0.0000000000000000     
   1.3752705730966159        0.0000000000000000     
   1.4358067738374660        0.0000000000000000     
   1.4981590606005415        0.0000000000000000     
   1.5623819159665093        0.0000000000000000     
   1.6285314569934561        0.0000000000000000     
   1.6966654842512114        0.0000000000000000     
   1.7668435323266993        0.0000000000000000     
   1.8391269218444519        0.0000000000000000     
   1.9135788130477369        0.0000000000000000     
   1.9902642609871206        0.0000000000000000     
   2.0692502723646857        0.0000000000000000     
   2.1506058640835777        0.0000000000000000     
   2.2344021235540366        0.0000000000000000     
   2.3207122708086092        0.0000000000000000     
   2.4096117224808191        0.0000000000000000     
   2.5011781577031953        0.0000000000000000     
   2.5954915859822427        0.0000000000000000     
   2.6926344171096614        0.0000000000000000     
   2.7926915331709030        0.0000000000000000     
   2.8957503627139816        0.0000000000000000     
   3.0019009571433526        0.0000000000000000     
   3.1112360694056047        0.0000000000000000     
   3.2238512350357245        0.0000000000000000     
   3.3398448556347478        0.0000000000000000     
   3.4593182848517419        0.0000000000000000     
   3.5823759169452458        0.0000000000000000     
   3.7091252780015549        0.0000000000000000     
   3.8396771198895530        0.0000000000000000     
   3.9741455170341911        0.0000000000000000     
   4.1126479660931681        0.0000000000000000     
   4.2553054886239146        0.0000000000000000     
   4.4022427368305834        0.0000000000000000     
   4.5535881024834524        0.0000000000000000     
   4.7094738291059075        0.0000000000000000     
   4.8700361275270367        0.0000000000000000     
   5.0354152949007993        0.0000000000000000     
   5.2057558372957748        0.0000000000000000     
   5.3812065959625999        0.0000000000000000     
   5.5619208773894293        0.0000000000000000     
   5.7480565872590637        0.0000000000000000     
   5.9397763684247868        0.0000000000000000     
   6.1372477430254824        0.0000000000000000     
   6.3406432588641986        0.0000000000000000     
   6.5501406401780757        0.0000000000000000     
   6.7659229429313692        0.0000000000000000     
   6.9881787147672618        0.0000000000000000     
   7.2171021597582312        0.0000000000000000     
   7.4528933080989299        0.0000000000000000     
   7.6957581908898494        0.0000000000000000     
   7.9459090201644962        0.0000000000000000     
   8.2035643743173825        0.0000000000000000     
   8.4689493890948562        0.0000000000000000     
   8.7422959543156544        0.0000000000000000     
   9.0238429164930754        0.0000000000000000     
   9.3138362875358194        0.0000000000000000     
   9.6125294597098456        0.0000000000000000     
   9.9201834270490927        0.0000000000000000     
   10.237067013408517        0.0000000000000000     
   10.563457107358724        0.0000000000000000     
   10.899638904127437        0.0000000000000000     
   11.245906154799211        0.0000000000000000     
   11.602561422991140        0.0000000000000000     
   11.969916349228827        0.0000000000000000     
   12.348291923253644        0.0000000000000000     
   12.738018764499206        0.0000000000000000     
   13.139437410982133        0.0000000000000000     
   13.552898616859549        0.0000000000000000     
   13.978763658913287        0.0000000000000000     
   14.417404652228639        0.0000000000000000     
   14.869204875343449        0.0000000000000000     
   15.334559105151705        0.0000000000000000     
   15.813873961854208        0.0000000000000000     
   16.307568264257785        0.0000000000000000     
   16.816073395733472        0.0000000000000000     
   17.339833681153429        0.0000000000000000     
   17.879306775135984        0.0000000000000000     
   18.434964061938015        0.0000000000000000     
   19.007291067344106        0.0000000000000000     
   19.596787882912380        0.0000000000000000     
   20.203969602947705        0.0000000000000000     
   20.829366774584088        0.0000000000000000     
   21.473525861369563        0.0000000000000000     
   22.137009720758602        0.0000000000000000     
   22.820398095929313        0.0000000000000000     
   23.524288122355145        0.0000000000000000     
   24.249294849573751        0.0000000000000000     
   24.996051778608916        0.0000000000000000     
   25.765211415515136        0.0000000000000000     
   26.557445841528541        0.0000000000000000     
   27.373447300322351        0.0000000000000000     
   28.213928802879973        0.0000000000000000     
   29.079624750514323        0.0000000000000000     
   29.971291576577705        0.0000000000000000     
   30.889708407422990        0.0000000000000000     
   31.835677743193632        0.0000000000000000     
   32.810026159037392        0.0000000000000000     
   33.813605027356466        0.0000000000000000     
   34.847291261725111        0.0000000000000000     
   35.911988083124818        0.0000000000000000     
   37.008625809166517        0.0000000000000000     
   38.138162666989466        0.0000000000000000     
   39.301585630547102        0.0000000000000000     
   40.499911283011471        0.0000000000000000     
   41.734186705049765        0.0000000000000000     
   43.005490389749212        0.0000000000000000     
   44.314933184989641        0.0000000000000000     
   45.663659264087286        0.0000000000000000     
   47.052847125557861        0.0000000000000000     
   48.483710622872550        0.0000000000000000     
   49.957500025106683        0.0000000000000000     
   51.475503109407839        0.0000000000000000     
   53.039046286238026        0.0000000000000000     
   54.649495758373121        0.0000000000000000     
   56.308258714672270        0.0000000000000000     
   58.016784559660394        0.0000000000000000     
   59.776566179998156        0.0000000000000000     
   61.589141248946056        0.0000000000000000     
   63.456093569962391        0.0000000000000000     
   65.379054460609211        0.0000000000000000     
   67.359704177975445        0.0000000000000000     
   69.399773386862663        0.0000000000000000     
   71.501044672016491        0.0000000000000000     
   73.665354095724936        0.0000000000000000     
   75.894592802144643        0.0000000000000000     
   78.190708669756930        0.0000000000000000     
   80.555708013397592        0.0000000000000000     
   82.991657337347476        0.0000000000000000     
   85.500685141015850        0.0000000000000000     
   88.084983778794282        0.0000000000000000     
   90.746811375706059        0.0000000000000000     
   93.488493800525191        0.0000000000000000     
   96.312426698088899        0.0000000000000000     
   99.221077582579525        0.0000000000000000     
   102.21698799360486        0.0000000000000000     
   105.30277571696097        0.0000000000000000     
   108.48113707201775        0.0000000000000000     
   111.75484926772623        0.0000000000000000     
   115.12677282930598        0.0000000000000000     
   118.59985409773311        0.0000000000000000     
   122.17712780421306        0.0000000000000000     
   125.86171972188741        0.0000000000000000     
   129.65684939709200        0.0000000000000000     
   133.56583296255272        0.0000000000000000     
   137.59208603497726        0.0000000000000000     
   141.73912669957454        0.0000000000000000     
   146.01057858410974        0.0000000000000000     
   150.41017402518099        0.0000000000000000     
   154.94175732948437        0.0000000000000000     
   159.60928813291687        0.0000000000000000     
   164.41684486045233        0.0000000000000000     
   169.36862828981384        0.0000000000000000     
   174.46896522205623        0.0000000000000000     
   179.72231226226586        0.0000000000000000     
   185.13325971368178        0.0000000000000000     
   190.70653558864018        0.0000000000000000     
   196.44700973984735        0.0000000000000000     
   202.35969811559073        0.0000000000000000     
   208.44976714260642        0.0000000000000000     
   214.72253824043256        0.0000000000000000     
   221.18349247119349        0.0000000000000000     
   227.83827532887724        0.0000000000000000     
   234.69270167229152        0.0000000000000000     
   241.75276080600821        0.0000000000000000     
   249.02462171373642        0.0000000000000000     
   256.51463844869647        0.0000000000000000     
   264.22935568570534        0.0000000000000000     
   272.17551443982444        0.0000000000000000     
   280.36005795656712        0.0000000000000000     
   288.79013777881210        0.0000000000000000     
   297.47311999572440        0.0000000000000000     
   306.41659167914412        0.0000000000000000     
   315.62836751306639        0.0000000000000000     
   325.11649662200637        0.0000000000000000     
   334.88926960421452        0.0000000000000000     
   344.95522577588889        0.0000000000000000     
   355.32316063271350        0.0000000000000000     
   366.00213353524288        0.0000000000000000     
   377.00147562484813        0.0000000000000000     
   388.33079797714151        0.0000000000000000     
   400.00000000000375        0.0000000000000000     
