   0.0000000000000000       -5.0000000000000001E-003
  0.10434313932872200        3.3186231646662054E-002
  0.20868627865744399        7.1372463293324098E-002
  0.31302941798616701       0.10955869493998599     
  0.41737255731488898       0.14774492658664801     
  0.52171569664361095       0.18593115823331000     
  0.62605883597233403       0.22411738987997198     
  0.73040197530105599       0.26230362152663400     
  0.83474511462977796       0.30048985317329602     
  0.93908825395850004       0.33867608481995798     
