          10
  0.000000000000000E+000  0.000000000000000E+000
  0.104343139328722       3.818623164666205E-002
  0.208686278657444       7.637246329332410E-002
  0.313029417986167       0.114558694939986     
  0.417372557314889       0.152744926586648     
  0.521715696643611       0.190931158233310     
  0.626058835972334       0.229117389879972     
  0.730401975301056       0.267303621526634     
  0.834745114629778       0.305489853173296     
  0.939088253958500       0.343676084819958     
