 100
0.0000000000E+00 0.0000000000E+00
 0.1386138611E-02 0.3642638621E-03
 0.2772277221E-02 0.7325893384E-03
 0.4158415832E-02 0.1109037898E-02
 0.5544554442E-02 0.1497671241E-02
 0.6930692587E-02 0.1902551041E-02
 0.8316831663E-02 0.2327738563E-02
 0.9702970274E-02 0.2777295653E-02
 0.1108910888E-01 0.3255284159E-02
 0.1247524749E-01 0.3765765112E-02
 0.1386138517E-01 0.4312800243E-02
 0.1524752472E-01 0.4900451284E-02
 0.1663366333E-01 0.5532779731E-02
 0.1801980287E-01 0.6213846616E-02
 0.1940594055E-01 0.6947715301E-02
 0.2079207823E-01 0.7738277782E-02
 0.2217821777E-01 0.8586614393E-02
 0.2356435545E-01 0.9491468780E-02
 0.2495049499E-01 0.1045151614E-01
 0.2633663267E-01 0.1146542560E-01
 0.2772277035E-01 0.1253187377E-01
 0.2910890989E-01 0.1364953350E-01
 0.3049504943E-01 0.1481707767E-01
 0.3188118711E-01 0.1603318006E-01
 0.3326732665E-01 0.1729651168E-01
 0.3465346619E-01 0.1860575005E-01
 0.3603960574E-01 0.1995956339E-01
 0.3742574155E-01 0.2135662735E-01
 0.3881188110E-01 0.2279561758E-01
 0.4019802064E-01 0.2427520417E-01
 0.4158415645E-01 0.2579383738E-01
 0.4297029227E-01 0.2734938264E-01
 0.4435643554E-01 0.2893961594E-01
 0.4574257135E-01 0.3056230210E-01
 0.4712871090E-01 0.3221521899E-01
 0.4851485044E-01 0.3389613330E-01
 0.4990098998E-01 0.3560281545E-01
 0.5128712580E-01 0.3733304515E-01
 0.5267326534E-01 0.3908458352E-01
 0.5405940488E-01 0.4085521027E-01
 0.5544554070E-01 0.4264269397E-01
 0.5683168396E-01 0.4444479942E-01
 0.5821781978E-01 0.4625930637E-01
 0.5960395560E-01 0.4808398709E-01
 0.6099009886E-01 0.4991661012E-01
 0.6237623468E-01 0.5175494403E-01
 0.6376237422E-01 0.5359676853E-01
 0.6514851749E-01 0.5543984473E-01
 0.6653465331E-01 0.5728194490E-01
 0.6792078912E-01 0.5912084877E-01
 0.6930693239E-01 0.6095432490E-01
 0.7069306821E-01 0.6278014183E-01
 0.7207921147E-01 0.6459607184E-01
 0.7346534729E-01 0.6639989465E-01
 0.7485148311E-01 0.6818936765E-01
 0.7623762637E-01 0.6996226311E-01
 0.7762376219E-01 0.7171636820E-01
 0.7900989801E-01 0.7344944030E-01
 0.8039604127E-01 0.7515925914E-01
 0.8178217709E-01 0.7684358209E-01
 0.8316831291E-01 0.7850020379E-01
 0.8455444872E-01 0.8012687415E-01
 0.8594058454E-01 0.8172137290E-01
 0.8732673526E-01 0.8328147978E-01
 0.8871287107E-01 0.8480494469E-01
 0.9009900689E-01 0.8628955483E-01
 0.9148514271E-01 0.8773308247E-01
 0.9287128597E-01 0.8913329989E-01
 0.9425742179E-01 0.9048797190E-01
 0.9564356506E-01 0.9179487079E-01
 0.9702970088E-01 0.9305177629E-01
 0.9841583669E-01 0.9425644577E-01
 0.9980197996E-01 0.9540665150E-01
 0.1011881158 0.9650071710E-01
 0.1025742516 0.9754017740E-01
 0.1039603949 0.9852784872E-01
 0.1053465307 0.9946653992E-01
 0.1067326739 0.1003590450
 0.1081188098 0.1012081951
 0.1095049456 0.1020167768
 0.1108910814 0.1027876064
 0.1122772321 0.1035234928
 0.1136633679 0.1042272449
 0.1150495037 0.1049016565
 0.1164356396 0.1055495441
 0.1178217754 0.1061737239
 0.1192079112 0.1067769825
 0.1205940619 0.1073621213
 0.1219801977 0.1079312041
 0.1233663335 0.1084854230
 0.1247524694 0.1090259179
 0.1261386126 0.1095538288
 0.1275247484 0.1100703180
 0.1289108843 0.1105765104
 0.1302970350 0.1110735610
 0.1316831708 0.1115625948
 0.1330693066 0.1120447814
 0.1344554424 0.1125212461
 0.1358415782 0.1129931360
 0.1372277290 0.1134615988
