 200
    0.0d0                    0.000000000000000E+00
    0.157867338194269E-02    0.623062116873627E-05
    0.315724840272744E-02    0.249220964685434E-04
    0.473562670732487E-02    0.560732613044046E-04
    0.631370995296219E-02    0.996821747652494E-04
    0.789139981525065E-02    0.155746119744884E-03
    0.946859799431172E-02    0.224261603111285E-03
    0.110452062209018E-01    0.305224355924241E-03
    0.126211262625349E-01    0.398629333701337E-03
    0.141962599296034E-01    0.504470716732256E-03
    0.157705090814955E-01    0.622741910441379E-03
    0.173437756327104E-01    0.753435545798677E-03
    0.189159615589692E-01    0.896543479778838E-03
    0.204869689033229E-01    0.105205679586863E-02
    0.220566997822553E-01    0.121996580462247E-02
    0.236250563917819E-01    0.140026004426610E-02
    0.251919410135438E-01    0.159292828134848E-02
    0.267572560208961E-01    0.179795851144162E-02
    0.283209038849907E-01    0.201533795988862E-02
    0.298827871808525E-01    0.224505308259954E-02
    0.314428085934505E-01    0.248708956689531E-02
    0.330008709237602E-01    0.274143233239952E-02
    0.345568770948203E-01    0.300806553197798E-02
    0.361107301577809E-01    0.328697255272610E-02
    0.376623332979440E-01    0.357813601700401E-02
    0.392115898407961E-01    0.388153778351927E-02
    0.407584032580309E-01    0.419715894845719E-02
    0.423026771735643E-01    0.452497984665866E-02
    0.438443153695388E-01    0.486498005284539E-02
    0.453832217923186E-01    0.521713838289257E-02
    0.469193005584743E-01    0.558143289514873E-02
    0.484524559607572E-01    0.595784089180288E-02
    0.499825924740622E-01    0.634633892029870E-02
    0.515096147613799E-01    0.674690277479579E-02
    0.530334276797363E-01    0.715950749767782E-02
    0.545539362861212E-01    0.758412738110760E-02
    0.560710458434035E-01    0.802073596862879E-02
    0.575846618262339E-01    0.846930605681429E-02
    0.590946899269347E-01    0.892980969696125E-02
    0.606010360613752E-01    0.940221819683237E-02
    0.621036063748345E-01    0.988650212244366E-02
    0.636023072478484E-01    0.103826312998983E-01
    0.650970453020431E-01    0.108905748172668E-01
    0.665877274059530E-01    0.114103010265129E-01
    0.680742606808233E-01    0.119417775454652E-01
    0.695565525063973E-01    0.124849712598353E-01
    0.710345105266865E-01    0.130398483252806E-01
    0.725080426557257E-01    0.136063741695133E-01
    0.739770570833102E-01    0.141845134944542E-01
    0.754414622807160E-01    0.147742302784321E-01
    0.769011670064030E-01    0.153754877784282E-01
    0.783560803116995E-01    0.159882485323655E-01
    0.798061115464691E-01    0.166124743614426E-01
    0.812511703647587E-01    0.172481263725131E-01
    0.826911667304277E-01    0.178951649605080E-01
    0.841260109227578E-01    0.185535498109041E-01
    0.855556135420428E-01    0.192232399022357E-01
    0.869798855151595E-01    0.199041935086501E-01
    0.883987381011168E-01    0.205963682025078E-01
    0.898120828965850E-01    0.212997208570257E-01
    0.912198318414042E-01    0.220142076489644E-01
    0.926218972240705E-01    0.227397840613588E-01
    0.940181916872016E-01    0.234764048862911E-01
    0.954086282329789E-01    0.242240242277085E-01
    0.967931202285688E-01    0.249825955042818E-01
    0.981715814115198E-01    0.257520714523087E-01
    0.995439258951377E-01    0.265324041286577E-01
    0.100910068173837E+00    0.273235449137559E-01
    0.102269923128466E+00    0.281254445146182E-01
    0.103623406031617E+00    0.289380529679183E-01
    0.104970432552895E+00    0.297613196431018E-01
    0.106310918764181E+00    0.305951932455409E-01
    0.107644781144859E+00    0.314396218197306E-01
    0.108971936587015E+00    0.322945527525252E-01
    0.110292302400623E+00    0.331599327764172E-01
    0.111605796318689E+00    0.340357079728556E-01
    0.112912336502385E+00    0.349218237756055E-01
    0.114211841546140E+00    0.358182249741482E-01
    0.115504230482719E+00    0.367248557171209E-01
    0.116789422788262E+00    0.376416595157966E-01
    0.118067338387307E+00    0.385685792476037E-01
    0.119337897657772E+00    0.395055571596852E-01
    0.120601021435924E+00    0.404525348724969E-01
    0.121856631021304E+00    0.414094533834451E-01
    0.123104648181637E+00    0.423762530705623E-01
    0.124344995157700E+00    0.433528736962227E-01
    0.125577594668173E+00    0.443392544108948E-01
    0.126802369914449E+00    0.453353337569330E-01
    0.128019244585422E+00    0.463410496724067E-01
    0.129228142862243E+00    0.473563394949671E-01
    0.130428989423038E+00    0.483811399657517E-01
    0.131621709447608E+00    0.494153872333254E-01
    0.132806228622087E+00    0.504590168576590E-01
    0.133982473143572E+00    0.515119638141442E-01
    0.135150369724723E+00    0.525741624976450E-01
    0.136309845598328E+00    0.536455467265855E-01
    0.137460828521838E+00    0.547260497470730E-01
    0.138603246781867E+00    0.558156042370576E-01
    0.139737029198662E+00    0.569141423105266E-01
    0.140862105130535E+00    0.580215955217343E-01
    0.141978404478267E+00    0.591378948694664E-01
    0.143085857689475E+00    0.602629708013396E-01
    0.144184395762944E+00    0.613967532181345E-01
    0.145273950252929E+00    0.625391714781640E-01
    0.146354453273416E+00    0.636901544016741E-01
    0.147425837502357E+00    0.648496302752791E-01
    0.148488036185857E+00    0.660175268564298E-01
    0.149540983142343E+00    0.671937713779146E-01
    0.150584612766676E+00    0.683782905523933E-01
    0.151618860034250E+00    0.695710105769636E-01
    0.152643660505034E+00    0.707718571377589E-01
    0.153658950327595E+00    0.719807554145794E-01
    0.154664666243069E+00    0.731976300855532E-01
    0.155660745589107E+00    0.744224053318292E-01
    0.156647126303779E+00    0.756550048423019E-01
    0.157623746929439E+00    0.768953518183651E-01
    0.158590546616556E+00    0.781433689786976E-01
    0.159547465127505E+00    0.793989785640780E-01
    0.160494442840316E+00    0.806621023422297E-01
    0.161431420752398E+00    0.819326616126952E-01
    0.162358340484205E+00    0.832105772117397E-01
    0.163275144282880E+00    0.844957695172832E-01
    0.164181775025853E+00    0.857881584538620E-01
    0.165078176224396E+00    0.870876634976173E-01
    0.165964292027146E+00    0.883942036813129E-01
    0.166840067223584E+00    0.897076975993794E-01
    0.167705447247476E+00    0.910280634129868E-01
    0.168560378180271E+00    0.923552188551432E-01
    0.169404806754460E+00    0.936890812358206E-01
    0.170238680356899E+00    0.950295674471072E-01
    0.171061947032083E+00    0.963765939683854E-01
    0.171874555485383E+00    0.977300768715356E-01
    0.172676455086245E+00    0.990899318261654E-01
    0.173467595871343E+00    0.100456074104864E+00
    0.174247928547692E+00    0.101828418588482E+00
    0.175017404495719E+00    0.103206879771433E+00
    0.175775975772293E+00    0.104591371767023E+00
    0.176523595113710E+00    0.105981808312800E+00
    0.177260215938642E+00    0.107378102775931E+00
    0.177985792351037E+00    0.108780168158598E+00
    0.178700279142975E+00    0.110187917103417E+00
    0.179403631797493E+00    0.111601261898885E+00
    0.180095806491351E+00    0.113020114484842E+00
    0.180776760097765E+00    0.114444386457959E+00
    0.181446450189097E+00    0.115873989077244E+00
    0.182104835039493E+00    0.117308833269574E+00
    0.182751873627488E+00    0.118748829635243E+00
    0.183387525638558E+00    0.120193888453533E+00
    0.184011751467635E+00    0.121643919688302E+00
    0.184624512221573E+00    0.123098832993599E+00
    0.185225769721569E+00    0.124558537719286E+00
    0.185815486505546E+00    0.126022942916692E+00
    0.186393625830487E+00    0.127491957344276E+00
    0.186960151674720E+00    0.128965489473315E+00
    0.187515028740165E+00    0.130443447493604E+00
    0.188058222454535E+00    0.131925739319178E+00
    0.188589698973488E+00    0.133412272594049E+00
    0.189109425182734E+00    0.134902954697959E+00
    0.189617368700102E+00    0.136397692752153E+00
    0.190113497877557E+00    0.137896393625167E+00
    0.190597781803168E+00    0.139398963938626E+00
    0.191070190303039E+00    0.140905310073067E+00
    0.191530693943186E+00    0.142415338173768E+00
    0.191979264031372E+00    0.143928954156598E+00
    0.192415872618893E+00    0.145446063713880E+00
    0.192840492502323E+00    0.146966572320265E+00
    0.193253097225205E+00    0.148490385238622E+00
    0.193653661079702E+00    0.150017407525939E+00
    0.194042159108197E+00    0.151547544039244E+00
    0.194418567104852E+00    0.153080699441527E+00
    0.194782861617108E+00    0.154616778207683E+00
    0.195135019947155E+00    0.156155684630463E+00
    0.195475020153342E+00    0.157697322826437E+00
    0.195802841051543E+00    0.159241596741970E+00
    0.196118462216481E+00    0.160788410159205E+00
    0.196421863982996E+00    0.162337666702057E+00
    0.196713027447274E+00    0.163889269842220E+00
    0.196991934468022E+00    0.165443122905181E+00
    0.197258567667601E+00    0.166999129076241E+00
    0.197512910433105E+00    0.168557191406551E+00
    0.197754946917401E+00    0.170117212819149E+00
    0.197984662040112E+00    0.171679096115011E+00
    0.198202041488559E+00    0.173242743979105E+00
    0.198407071718652E+00    0.174808058986457E+00
    0.198599739955734E+00    0.176374943608219E+00
    0.198780034195378E+00    0.177943300217746E+00
    0.198947943204132E+00    0.179513031096678E+00
    0.199103456520221E+00    0.181084038441032E+00
    0.199246564454201E+00    0.182656224367291E+00
    0.199377258089559E+00    0.184229490918506E+00
    0.199495529283268E+00    0.185803740070398E+00
    0.199601370666299E+00    0.187378873737466E+00
    0.199694775644076E+00    0.188954793779099E+00
    0.199775738396889E+00    0.190531402005689E+00
    0.199844253880255E+00    0.192108600184750E+00
    0.199900317825235E+00    0.193686290047039E+00
    0.199943926738696E+00    0.195264373292676E+00
    0.199975077903531E+00    0.196842751597274E+00
    0.199993769378831E+00    0.198421326618058E+00
    0.200000000000000E+00    0.200000000000000E+00
